
       30180.000        1150000.0 
       40180.000        1430000.0 
       50180.000        1183353.0 
       70180.000        4365572.0 
       100180.00        11354362. 
       160180.00        2523095.0 
       190180.00        1909785.0 
       210180.00        7300000.0 
       240180.00        1000000.0 
       250180.00        1176278.0 
       260180.00        9464711.0 
       280180.00        17904600. 
       30280.000        1367660.0 
       50280.000        3094000.0 
       70280.000        1257917.0 
       100280.00        2600000.0 
       130280.00        9645378.0 
       160280.00        3704765.0 
       190280.00        8000000.0 
       200280.00        1035000.0 
       210280.00        1733856.0 
       220280.00        1400000.0 
       230280.00        8514000.0 
       250280.00        1185309.0 
       270280.00        1150000.0 
       70380.000        2270191.0 
       130380.00        3893760.0 
       170380.00        4013241.0 
       200380.00        1224236.0 
       210380.00        2280000.0 
       220380.00        1082205.0 
       260380.00        1319092.0 
       60480.000        1400000.0 
       100480.00        1074877.0 
       110480.00        1200000.0 
       140480.00        3368000.0 
       150480.00        3700000.0 
       160480.00        1050000.0 
       250480.00        13155037. 
       260480.00        1080241.0 
       10580.000        2402040.0 
       20580.000        3546044.0 
       40580.000        1164000.0 
       70580.000        1416957.0 
       90580.000        2250000.0 
       100580.00        1256703.0 
       160580.00        5000000.0 
       180580.00        5000000.0 
       200580.00        4393270.0 
       210580.00        1053374.0 
       260580.00        9303000.0 
       290580.00        2320000.0 
       20680.000        1390846.0 
       30680.000        15000000. 
       110680.00        1228735.0 
       120680.00        1675000.0 
       150680.00        3205492.0 
       160680.00        1178000.0 
       170680.00        1122759.0 
       210680.00        1340000.0 
       300680.00        3160000.0 
       20780.000        1000000.0 
       40780.000        6507011.0 
       70780.000        3000000.0 
       100780.00        2486334.0 
       120780.00        1146000.0 
       140780.00        990000.00 
       150780.00   1.7980000e+008 
       250780.00        1708000.0 
       260780.00        7997000.0 
       290780.00        1960387.0 
       280780.00        1466140.0 
       70880.000        4316501.0 
       80880.000        3447324.0 
       110880.00        1390845.0 
       180880.00        2586000.0 
       200880.00        1300000.0 
       210880.00        1100000.0 
       230880.00        3310406.0 
       270880.00        1401487.0 
       280880.00        5005815.0 
       300880.00        5065000.0 
       20980.000        1925948.0 
       40980.000        2525108.0 
       50980.000        3227000.0 
       80980.000        2340111.0 
       110980.00        1085000.0 
       120980.00        4110793.0 
       140980.00        1357125.0 
       150980.00        12119897. 
       250980.00        1493000.0 
       280980.00        2633000.0 
       300980.00        2200000.0 
       11080.000        2652279.0 
       61080.000        1394449.0 
       71080.000        4096668.0 
       81080.000        1175520.0 
       91080.000        1000000.0 
       121080.00        3218222.0 
       141080.00        1471062.0 
       161080.00        2646497.0 
       171080.00        13025000. 
       201080.00        1289000.0 
       231080.00        1000000.0 
       241080.00        1049200.0 
       251080.00        1748525.0 
       271080.00        1912200.0 
       291080.00        1375000.0 
       301080.00        1000000.0 
       51180.000        4320000.0 
       71180.000        1070466.0 
       91180.000        1500000.0 
       101180.00        1595000.0 
       131180.00        1445000.0 
       141180.00        1003699.0 
       181180.00        7320000.0 
       191180.00        1962000.0 
       201180.00        1900000.0 
       251180.00        1759969.0 
       61280.000        2118000.0 
       71280.000        1000000.0 
       81280.000        1400000.0 
       91280.000        4140000.0 
       101280.00        5000000.0 
       121280.00        2250000.0 
       141280.00        1721745.0 
       171280.00        14553621. 
       191280.00        1400000.0 
       231280.00        1901000.0 
       251280.00        1900000.0 
       261280.00        1200000.0 
       271280.00        1940000.0 
       311280.00        1592000.0 
       10181.000        4177230.0 
       30181.000        5276626.0 
       70181.000        1138302.0 
       170181.00        1169218.0 
       230181.00        1429756.0 
       260181.00        1385000.0 
       310181.00        6300000.0 
       20281.000        1075986.0 
       70281.000        1683655.0 
       100281.00        27914246. 
       130281.00        4552504.0 
       150281.00        2800000.0 
       170281.00        5255890.0 
       190281.00        2475000.0 
       230281.00        7000000.0 
       270281.00        1600000.0 
       10381.000        3433081.0 
       40381.000        1602000.0 
       90381.000        2000000.0 
       100381.00        1050000.0 
       120381.00        1270000.0 
       130381.00        1800000.0 
       160381.00        3156140.0 
       190381.00        1063924.0 
       230381.00        1375000.0 
       240381.00        2543000.0 
       270381.00        2350630.0 
       10481.000        16000000. 
       100481.00        3200000.0 
       130481.00        1420434.0 
       180481.00        1905000.0 
       200481.00        5689115.0 
       220481.00        1008880.0 
       230481.00        6525000.0 
       240481.00        1500000.0 
       250481.00        9839000.0 
       260481.00        3025919.0 
       270481.00        8082330.0 
       290481.00        4064236.0 
       20581.000        1231000.0 
       30581.000        1120000.0 
       50581.000        1072476.0 
       60581.000        2381173.0 
       110581.00        1219412.0 
       140581.00        1152198.0 
       160581.00        2596330.0 
       130581.00        2900000.0 
       210581.00        4141345.0 
       230581.00        1036000.0 
       240581.00        1235000.0 
       250581.00        1500000.0 
       280581.00        2306000.0 
       290581.00        42900000. 
       310581.00        3800000.0 
       20681.000        1516205.0 
       140681.00        1500000.0 
       160681.00        2068716.0 
       170681.00        1450000.0 
       180681.00        2515000.0 
       190681.00        3604000.0 
       210681.00        1400000.0 
       240681.00        1083000.0 
       290681.00        3350000.0 
       300681.00        6000000.0 
       10781.000        2219836.0 
       50781.000        1300000.0 
       70781.000        2010980.0 
       100781.00        1422780.0 
       110781.00        6879267.0 
       120781.00        1549956.0 
       200781.00        1030000.0 
       260781.00        1125320.0 
       280781.00        3900000.0 
       300781.00        4000000.0 
       310781.00        1100000.0 
       40881.000        3003274.0 
       50881.000        3100000.0 
       110881.00        1050000.0 
       190881.00        2384193.0 
       250881.00        2241151.0 
       270881.00        5211190.0 
       280881.00        5231000.0 
       290881.00        2620411.0 
       10981.000        1128321.0 
       20981.000        2000000.0 
       30981.000        2290000.0 
       40981.000        1090887.0 
       60981.000        7800000.0 
       90981.000        3307418.0 
       100981.00        1124208.0 
       110981.00        1490000.0 
       140981.00        1358040.0 
       150981.00        1515976.0 
       160981.00        1480000.0 
       170981.00        2478712.0 
       190981.00        13126500. 
       200981.00        2315000.0 
       210981.00        1510000.0 
       220981.00        4530510.0 
       260981.00        1100000.0 
       290981.00        2000000.0 
       11081.000        1555000.0 
       31081.000        2865000.0 
       71081.000        3158650.0 
       111081.00        5424831.0 
       151081.00        1541000.0 
       171081.00        1411924.0 
       181081.00        1080370.0 
       221081.00        5870000.0 
       251081.00        2300000.0 
       271081.00        1800000.0 
       281081.00        1214937.0 
       11181.000        2077055.0 
       31181.000        3357887.0 
       51181.000        2130552.0 
       81181.000        2000000.0 
       131181.00        3265000.0 
       151181.00        1225000.0 
       161181.00        1535000.0 
       171181.00        2847528.0 
       191181.00        2574412.0 
       221181.00        1137480.0 
       241181.00        1600000.0 
       251181.00        2248037.0 
       11281.000        2400000.0 
       71281.000        6450200.0 
       101281.00        2314395.0 
       131281.00        1575000.0 
       141281.00        6348775.0 
       181281.00        1137000.0 
       211281.00        39390000. 
       221281.00        1500000.0 
       281281.00        1373440.0 
       291281.00        2850000.0 
       311281.00        1230000.0 
       60182.000        3550000.0 
       80182.000        2240506.0 
       90182.000        1091000.0 
       130182.00        3231921.0 
       140182.00        1015467.0 
       170182.00        4792508.0 
       210182.00        1600000.0 
       220182.00        10907129. 
       240182.00        3500000.0 
       280182.00        1987325.0 
       290182.00        1652602.0 
       10282.000        4036571.0 
       30282.000        1011252.0 
       40282.000        12199180. 
       50282.000        4600000.0 
       70282.000        1592000.0 
       80282.000        1710000.0 
       90282.000        1350000.0 
       160282.00        1180000.0 
       220282.00        1005000.0 
       250282.00        2730000.0 
       270282.00        3562286.0 
       280282.00        4095514.0 
       70382.000        4900000.0 
       100382.00        5144826.0 
       190382.00        1113165.0 
       200382.00        1350000.0 
       220382.00        21000000. 
       250382.00        2300000.0 
       290382.00        1500000.0 
       50482.000        3301000.0 
       110482.00        1170000.0 
       120482.00        2399710.0 
       140482.00        3793150.0 
       180482.00        2580424.0 
       200482.00        1280000.0 
       210482.00        1422000.0 
       220482.00        1500000.0 
       240482.00        3616228.0 
       250482.00        4583226.0 
       270482.00        1225000.0 
       280482.00        3882495.0 
       10582.000        5900000.0 
       20582.000        1000000.0 
       30582.000        1300000.0 
       80582.000        1970000.0 
       120582.00        1966000.0 
       160582.00        1175000.0 
       230582.00        3550000.0 
       310582.00        1379200.0 
       30682.000        1025000.0 
       60682.000        3100000.0 
       70682.000        2100000.0 
       80682.000        2100000.0 
       100682.00        5500000.0 
       110682.00        1066493.0 
       160682.00        1821000.0 
       170682.00        6402402.0 
       220682.00        1400000.0 
       240682.00        1000000.0 
       270682.00        10000000. 
       10782.000        3456513.0 
       30782.000        1450000.0 
       110782.00        4790000.0 
       140782.00        7093398.0 
       150782.00        2359757.0 
       190782.00        1110000.0 
       210782.00        3633615.0 
       240782.00        2740000.0 
       260782.00        1250000.0 
       270782.00        4159613.0 
       280782.00        1609000.0 
       290782.00        18070103. 
       310782.00        4632000.0 
       10882.000        2700000.0 
       20882.000        1176835.0 
       40882.000        7106459.0 
       50882.000        4132715.0 
       60882.000        3341627.0 
       70882.000        1200000.0 
       90882.000        2033200.0 
       110882.00        1053062.0 
       120882.00        1597650.0 
       130882.00        1311273.0 
       200882.00        1050622.0 
       210882.00        1600626.0 
       230882.00        1350000.0 
       240882.00        1875143.0 
       270882.00        1020000.0 
       300882.00        2900000.0 
       30982.000        1045588.0 
       60982.000        1408617.0 
       80982.000        1138000.0 
       100982.00        3216325.0 
       130982.00        1660000.0 
       140982.00        1380000.0 
       180982.00        4592609.0 
       190982.00        1520000.0 
       200982.00        3366168.0 
       220982.00        1200000.0 
       230982.00        800000.00 
       280982.00        1970557.0 
       300982.00        1168000.0 
       11082.000        3510000.0 
       31082.000        1075250.0 
       41082.000        2993000.0 
       61082.000        1009326.0 
       161082.00        1304588.0 
       241082.00        56689380. 
       271082.00        36321842. 
       311082.00        1076057.0 
       11182.000        2605789.0 
       61182.000        2478395.0 
       71182.000        1030000.0 
       81182.000        1400000.0 
       91182.000        1109785.0 
       111182.00        3746247.0 
       131182.00        1100000.0 
       151182.00        4600000.0 
       201182.00        1050000.0 
       211182.00        1670920.0 
       221182.00        1200000.0 
       231182.00        3020000.0 
       241182.00        1800000.0 
       251182.00        2360141.0 
       271182.00        1420000.0 
       11282.000        1547397.0 
       21282.000        5182608.0 
       71282.000        1392649.0 
       91282.000        1000000.0 
       101282.00        6738489.0 
       201282.00        5800000.0 
       231282.00        3500000.0 
       241282.00        18719168. 
       251282.00        6598554.0 
       271282.00        4700000.0 
       311282.00        2350000.0 
       30183.000        2509332.0 
       70183.000        1407000.0 
       90183.000        1000000.0 
       100183.00        2526337.0 
       150183.00        1603324.0 
       180183.00        1913700.0 
       190183.00        3910000.0 
       230183.00        2437000.0 
       240183.00        1020000.0 
       250183.00        2358694.0 
       300183.00        2152000.0 
       30283.000        5605000.0 
       80283.000        1239000.0 
       90283.000        1094000.0 
       110283.00        1046000.0 
       120283.00        2211007.0 
       140283.00        5650000.0 
       170283.00        1175000.0 
       180283.00        2826000.0 
       200283.00        1076200.0 
       210283.00        1050000.0 
       240283.00        1000000.0 
       180383.00        1600000.0 
       210383.00        3030614.0 
       220383.00        5000000.0 
       230383.00        1975000.0 
       240383.00        1300000.0 
       280383.00        1200000.0 
       10483.000        1430000.0 
       50483.000        1000000.0 
       60483.000        2726160.0 
       100483.00        3404000.0 
       110483.00        2000000.0 
       120483.00        2200000.0 
       150483.00        9000000.0 
       170483.00        1046029.0 
       180483.00        3834424.0 
       200483.00        3350000.0 
       210483.00        6050856.0 
       240483.00        3200000.0 
       40583.000        4000000.0 
       100583.00        1087000.0 
       130583.00        1040000.0 
       140583.00        2000000.0 
       170583.00        1115000.0 
       180583.00        1042171.0 
       240583.00        1500000.0 
       270583.00        3000000.0 
       290583.00        9055000.0 
       60683.000        1925000.0 
       70683.000        1326000.0 
       100683.00        2519000.0 
       170683.00        1500000.0 
       190683.00        1454000.0 
       220683.00        1000000.0 
       230683.00        1950000.0 
       240683.00        1343000.0 
       290683.00        1266000.0 
       10783.000        2250000.0 
       30783.000        5380000.0 
       40783.000        3234436.0 
       70783.000        2106226.0 
       80783.000        1750000.0 
       120783.00        1150000.0 
       150783.00        1358116.0 
       170783.00        2200000.0 
       180783.00        3304000.0 
       190783.00        2138039.0 
       200783.00        2957100.0 
       250783.00        3642000.0 
       20883.000        3100000.0 
       50883.000        4200000.0 
       90883.000        1040000.0 
       160883.00        4766958.0 
       170883.00        1072000.0 
       220883.00        4837480.0 
       230883.00        1638000.0 
       250883.00        10305768. 
       280883.00        1605000.0 
       300883.00        4400000.0 
       310883.00        4770000.0 
       10983.000        4466164.0 
       30983.000        6710000.0 
       40983.000        1292721.0 
       50983.000        1056572.0 
       80983.000        1350000.0 
       90983.000        1353897.0 
       130983.00        5327000.0 
       160983.00        14108000. 
       170983.00        1291000.0 
       180983.00        3390098.0 
       190983.00        6217982.0 
       210983.00        1442202.0 
       250983.00        2540333.0 
       270983.00        1187000.0 
       290983.00        3100000.0 
       11083.000        1776210.0 
       21083.000        1669000.0 
       31083.000        6565153.0 
       51083.000        3600000.0 
       61083.000        1010897.0 
       71083.000        1390299.0 
       111083.00        2300000.0 
       201083.00        1329770.0 
       221083.00        4007200.0 
       241083.00        2800000.0 
       271083.00        1180000.0 
       11183.000        5100000.0 
       131183.00        12000000. 
       151183.00        10277000. 
       161183.00        3829000.0 
       231183.00        3026777.0 
       251183.00        1000000.0 
       261183.00        1000000.0 
       281183.00        1300000.0 
       301183.00        1863730.0 
       71283.000        1100000.0 
       191283.00        1015000.0 
       151283.00        1450000.0 
       171283.00        1186000.0 
       201283.00        2100000.0 
       231283.00        1550000.0 
       241283.00        10000000. 
       251283.00        2900000.0 
       271283.00        4688047.0 
       301283.00        1350000.0 
       10184.000        3108100.0 
       20184.000        1361220.0 
       40184.000        1300000.0 
       70184.000        8895000.0 
       80184.000        1570870.0 
       90184.000        2500000.0 
       100184.00        2426762.0 
       140184.00        1500000.0 
       150184.00        1200000.0 
       310184.00        1393000.0 
       60284.000        1000000.0 
       70284.000        4231000.0 
       160284.00        4800000.0 
       250284.00        2300000.0 
       280284.00        1577830.0 
       290284.00        1100000.0 
       60384.000        6270298.0 
       70384.000        3450000.0 
       80384.000        1600000.0 
       90384.000        1300000.0 
       120384.00        3700000.0 
       150384.00        1690000.0 
       170384.00        3178000.0 
       190384.00        1049000.0 
       250384.00        1100000.0 
       270384.00        2830381.0 
       280384.00        24750000. 
       30484.000        1230000.0 
       70484.000        1400000.0 
       140484.00        13010000. 
       190484.00        3374000.0 
       220484.00        5200000.0 
       250484.00        999800.00 
       260484.00        4783500.0 
       270484.00        3350000.0 
       300484.00        2104000.0 
       20584.000        2350000.0 
       120584.00        3020374.0 
       130584.00        3900000.0 
       140584.00        2060000.0 
       190584.00        1400000.0 
       200584.00        2286000.0 
       290584.00        1100000.0 
       10684.000        3600000.0 
       40684.000        1150000.0 
       80684.000        10387000. 
       110684.00        17807392. 
       140684.00        1000000.0 
       180684.00        1000000.0 
       190684.00        16100000. 
       220684.00        1900000.0 
       240684.00        2200000.0 
       10684.000        1045775.0 
       70684.000        2500000.0 
       10784.000        1100000.0 
       50784.000        1025000.0 
       90784.000        1140672.0 
       120784.00        3418465.0 
       150784.00        1100000.0 
       170784.00        1713000.0 
       200784.00        1090000.0 
       230784.00        1559425.0 
       270784.00        2525000.0 
       10884.000        6659986.0 
       20884.000        1871000.0 
       40884.000        1137453.0 
       50884.000        1255284.0 
       70884.000        1900000.0 
       90884.000        1575340.0 
       100884.00        2600000.0 
       110884.00        1081462.0 
       160884.00        1700000.0 
       170884.00        1535000.0 
       180884.00        945235.00 
       200884.00        3225000.0 
       210884.00        3220000.0 
       260884.00        3211847.0 
       280884.00        2700000.0 
       290884.00        2638131.0 
       310884.00        2334437.0 
       20984.000        1241742.0 
       40984.000        1260000.0 
       50984.000        3250000.0 
       90984.000        2425000.0 
       100984.00        4100000.0 
       110984.00        5642000.0 
       140984.00        2120000.0 
       150984.00        2500000.0 
       180984.00        1369944.0 
       230984.00        1000000.0 
       260984.00        3948494.0 
       280984.00        18300000. 
       300984.00        1500000.0 
       11084.000        2200000.0 
       31084.000        1762505.0 
       41084.000        2900000.0 
       61084.000        2700000.0 
       81084.000        1200000.0 
       91084.000        3800000.0 
       101084.00        2860000.0 
       181084.00        900000.00 
       241084.00        18000000. 
       281084.00        1075000.0 
       291084.00        5066827.0 
       11184.000        1650000.0 
       21184.000        1112902.0 
       41184.000        1100000.0 
       51184.000        1200000.0 
       71184.000        11818000. 
       101184.00        7300000.0 
       131184.00        2026513.0 
       141184.00        2800000.0 
       151184.00        1230000.0 
       171184.00        2238159.0 
       231184.00        4100000.0 
       21284.000        1200000.0 
       31284.000        2203411.0 
       81284.000        2900000.0 
       101284.00        7200000.0 
       111284.00        1050000.0 
       121284.00        1500000.0 
       131284.00        2550000.0 
       171284.00        1100000.0 
       191284.00        3700000.0 
       221284.00        4800000.0 
       281284.00        1700000.0 
       291284.00        4550000.0 
       311284.00        1100000.0 
       10185.000        1500000.0 
       30185.000        1251000.0 
       40185.000        1030000.0 
       50185.000        4050000.0 
       60185.000        1881750.0 
       70185.000        3662000.0 
       80185.000        4507274.0 
       100185.00        2900000.0 
       110185.00        9518137.0 
       120185.00        2397075.0 
       130185.00        3680000.0 
       140185.00        1517000.0 
       160185.00        1070000.0 
       170185.00        2256823.0 
       200185.00        1788413.0 
       220185.00        1278896.0 
       240185.00        4609074.0 
       250185.00        3183000.0 
       280185.00        3943000.0 
       300185.00        3000000.0 
       310185.00        1008938.0 
       80285.000        1004084.0 
       100285.00        1850000.0 
       110285.00        3771083.0 
       120285.00        1956000.0 
       140285.00        1050000.0 
       150285.00        2779000.0 
       160285.00        22137567. 
       170285.00        2450100.0 
       190285.00        2000000.0 
       200285.00        17410000. 
       210285.00        2524873.0 
       230285.00        1753542.0 
       250285.00        6143355.0 
       270285.00        1230000.0 
       30385.000        1939000.0 
       40385.000        46500000. 
       50385.000        1241472.0 
       110385.00        3400000.0 
       120385.00        1000000.0 
       170385.00        6200000.0 
       190385.00        1966237.0 
       200385.00        2170000.0 
       220385.00        1296000.0 
       230385.00        1555000.0 
       270385.00        1150000.0 
       280385.00        5454285.0 
       110485.00        1394239.0 
       120485.00        4761228.0 
       140485.00        4868852.0 
       190485.00        4000000.0 
       210485.00        1600000.0 
       240485.00        7085000.0 
       260485.00        1765054.0 
       270485.00        6306654.0 
       280485.00        2450000.0 
       290485.00        1226412.0 
       300485.00        10733000. 
       20585.000        3755000.0 
       40585.000        1932957.0 
       50585.000        1375000.0 
       60585.000        1250000.0 
       70585.000        3380000.0 
       90585.000        1380100.0 
       140585.00        2283000.0 
       150585.00        2350000.0 
       260585.00        3150000.0 
       270585.00        3350000.0 
       280585.00        14500000. 
       290585.00        2890000.0 
       310585.00        8300000.0 
       10685.000        1260000.0 
       20685.000        1100000.0 
       60685.000        2126759.0 
       100685.00        2200000.0 
       110685.00        1070000.0 
       120685.00        9200000.0 
       130685.00        1500000.0 
       150685.00        1650000.0 
       160685.00        12225000. 
       180685.00        1400000.0 
       190685.00        14239000. 
       220685.00        2135000.0 
       270685.00        4773000.0 
       280685.00        7025000.0 
       290685.00        1100000.0 
       20785.000        1000000.0 
       60785.000        2472400.0 
       70785.000        2300000.0 
       80785.000        1400000.0 
       130785.00        1585000.0 
       150785.00        4465042.0 
       160785.00        2433000.0 
       220785.00        1600000.0 
       20785.000        2065000.0 
       280785.00        2000000.0 
       20885.000        4760000.0 
       30885.000        1165000.0 
       40885.000        1372000.0 
       60885.000        4550000.0 
       70885.000        1300000.0 
       140885.00        1100000.0 
       160885.00        1100000.0 
       190885.00        2246012.0 
       200885.00        3282000.0 
       210885.00        1050000.0 
       230885.00        57410636. 
       240885.00        2206000.0 
       250885.00        2670000.0 
       280885.00        1074900.0 
       300885.00        2141000.0 
       310885.00        5850000.0 
       20985.000        14300000. 
       40985.000        1971000.0 
       70985.000        1700000.0 
       80985.000        6167000.0 
       110985.00        1050000.0 
       120985.00        1156058.0 
       130985.00        3582150.0 
       150985.00        13500000. 
       190985.00        2851500.0 
       230985.00        1377600.0 
       240985.00        3800000.0 
       250985.00        5375500.0 
       290985.00        6700000.0 
       21085.000        1160000.0 
       31085.000        1500000.0 
       61085.000        1060000.0 
       101085.00        1491287.0 
       111085.00        1981813.0 
       121085.00        8814360.0 
       131085.00        1000000.0 
       161085.00        10700000. 
       171085.00        21005603. 
       181085.00        3387000.0 
       191085.00        2020000.0 
       201085.00        1231000.0 
       221085.00        4100000.0 
       251085.00        7230000.0 
       261085.00        1850000.0 
       291085.00        1000000.0 
       301085.00        2560000.0 
       51185.000        3253000.0 
       61185.000        2099472.0 
       101185.00        1000000.0 
       131185.00        8710000.0 
       161185.00        1500000.0 
       171185.00        1500000.0 
       181185.00        1261060.0 
       191185.00        1055000.0 
       271185.00        1282000.0 
       291185.00        1300000.0 
       31285.000        1300000.0 
       41285.000        1422078.0 
       61285.000        1000000.0 
       71285.000        1200000.0 
       81285.000        1850000.0 
       101285.00        1180000.0 
       111285.00        9243000.0 
       161285.00        1800000.0 
       181285.00        2500000.0 
       201285.00        1750000.0 
       291285.00        1450000.0 
       20186.000        1515000.0 
       30186.000        1200000.0 
       40186.000        1551100.0 
       50186.000        5400000.0 
       70186.000        3820000.0 
       90186.000        1500000.0 
       110186.00        1077088.0 
       120186.00        1300000.0 
       130186.00        2550000.0 
       140186.00        3950000.0 
       160186.00        3195200.0 
       190186.00        1089500.0 
       210186.00        1820000.0 
       240186.00        5650000.0 
       260186.00        1000000.0 
       270186.00        2840000.0 
       300186.00        1037000.0 
       310186.00        3197000.0 
       10286.000        1325000.0 
       40286.000        3252000.0 
       50286.000        2170000.0 
       70286.000        1823180.0 
       110286.00        1500000.0 
       120286.00        2800000.0 
       130286.00        1060965.0 
       140286.00        2075000.0 
       150286.00        1362940.0 
       160286.00        6353680.0 
       180286.00        7050000.0 
       190286.00        1700000.0 
       210286.00        1700000.0 
       280286.00        6002883.0 
       10386.000        2600000.0 
       30386.000        6535809.0 
       40386.000        3100000.0 
       50386.000        1805900.0 
       70386.000        3200000.0 
       80386.000        13700000. 
       90386.000        2500000.0 
       100386.00        1616000.0 
       140386.00        1000000.0 
       160386.00        1400000.0 
       190386.00        7670988.0 
       220386.00        3845000.0 
       230386.00        3325000.0 
       300386.00        2100000.0 
       10486.000        1500000.0 
       20486.000        10400000. 
       30486.000        4320620.0 
       60486.000        1027000.0 
       70486.000        20360000. 
       80486.000        3623000.0 
       100486.00        35130010. 
       110486.00        6291000.0 
       160486.00        1600000.0 
       170486.00        1625000.0 
       180486.00        1300000.0 
       190486.00        1600000.0 
       220486.00        1900000.0 
       240486.00        1725000.0 
       260486.00        1325000.0 
       270486.00        2534002.0 
       280486.00        3000000.0 
       300486.00        3250000.0 
       10586.000        2700000.0 
       20586.000        3930000.0 
       30586.000        5882945.0 
       50586.000        1210000.0 
       60586.000        2233000.0 
       70586.000        1370000.0 
       120586.00        14800000. 
       130586.00        1370000.0 
       150586.00        1200000.0 
       160586.00        6000000.0 
       210586.00        3340372.0 
       220586.00        1250000.0 
       240586.00        1150000.0 
       280586.00        1793344.0 
       290586.00        325000.00 
       300586.00        1700000.0 
       10686.000        1127891.0 
       60686.000        1600000.0 
       90686.000        1485000.0 
       100686.00        2250000.0 
       140686.00        5600000.0 
       150686.00        1010000.0 
       200686.00        6000000.0 
       220686.00        7700000.0 
       240686.00        1000000.0 
       260686.00        21200000. 
       290686.00        1650000.0 
       300686.00        6440000.0 
       10786.000        3998405.0 
       20786.000        1800000.0 
       40786.000        1193000.0 
       50786.000        2600000.0 
       60786.000        3000000.0 
       80786.000        2175000.0 
       110786.00        2163700.0 
       130786.00        3525000.0 
       150786.00        2229850.0 
       170786.00        1163610.0 
       180786.00        1720000.0 
       200786.00        1760000.0 
       220786.00        8745000.0 
       300786.00        1500000.0 
       310786.00        3000000.0 
       10886.000        2362000.0 
       30886.000        2447900.0 
       40886.000        8597100.0 
       50886.000        1451000.0 
       70886.000        2190169.0 
       130886.00        1284049.0 
       150886.00        1825000.0 
       160886.00        3800000.0 
       170886.00        1600000.0 
       180886.00        3300000.0 
       220886.00        1380000.0 
       230886.00        1036000.0 
       280886.00        2000000.0 
       300886.00        1150000.0 
       20986.000        2100000.0 
       30986.000        9000000.0 
       50986.000        1020000.0 
       70986.000        3650000.0 
       80986.000        1165481.0 
       90986.000        3216500.0 
       100986.00        1044215.0 
       120986.00        8400000.0 
       130986.00        2255000.0 
       140986.00        1000000.0 
       160986.00        10650000. 
       170986.00        4318437.0 
       180986.00        3469006.0 
       200986.00        4100000.0 
       220986.00        1163000.0 
       240986.00        3540000.0 
       250986.00        1143200.0 
       260986.00        17700000. 
       270986.00        2700000.0 
       280986.00        5000000.0 
       300986.00        1550000.0 
       31086.000        9199000.0 
       61086.000        3700000.0 
       71086.000        1186773.0 
       111086.00        1250000.0 
       151086.00        2699000.0 
       161086.00        3050640.0 
       171086.00        2262000.0 
       191086.00        1500000.0 
       231086.00        5000000.0 
       261086.00        5380000.0 
       281086.00        2800000.0 
       291086.00        2000000.0 
       301086.00        4685000.0 
       311086.00        3000000.0 
       31186.000        2256000.0 
       41186.000        1300000.0 
       61186.000        2268500.0 
       71186.000        4943685.0 
       81186.000        1600000.0 
       91186.000        1100000.0 
       101186.00        2854000.0 
       241186.00        4800000.0 
       261186.00        2000000.0 
       291186.00        1650000.0 
       11286.000        3200000.0 
       21286.000        4250000.0 
       31286.000        1950000.0 
       41286.000        3550000.0 
       51286.000        2000000.0 
       71286.000        1100000.0 
       91286.000        1000000.0 
       121286.00        1700000.0 
       131286.00        2670000.0 
       141286.00        1500000.0 
       181286.00        4440000.0 
       211286.00        1700000.0 
       221286.00        2097000.0 
       231286.00        1768250.0 
       241286.00        1090000.0 
       251286.00        18400000. 
       271286.00        1200000.0 
       281286.00        4000000.0 
       291286.00        3168250.0 
       301286.00        5700000.0 
       10187.000        2509000.0 
       20187.000        1150000.0 
       50187.000        1950000.0 
       70187.000        3500000.0 
       80187.000        2578000.0 
       90187.000        6978000.0 
       100187.00        6259000.0 
       110187.00        11021000. 
       120187.00        4028000.0 
       130187.00        1775000.0 
       140187.00        4405000.0 
       160187.00        1600000.0 
       170187.00        1200000.0 
       180187.00        1239000.0 
       190187.00        10033000. 
       210187.00        4103000.0 
       220187.00        2201000.0 
       240187.00        28050000. 
       250187.00        3000000.0 
       260187.00        3300000.0 
       300187.00        3359000.0 
       20287.000        1150000.0 
       60287.000        3073000.0 
       90287.000        6520000.0 
       100287.00        5510000.0 
       110287.00        1161000.0 
       120287.00        1620000.0 
       130287.00        1101000.0 
       150287.00        4851000.0 
       160287.00        3350000.0 
       180287.00        2430000.0 
       190287.00        1895000.0 
       210287.00        1508000.0 
       220287.00        2370000.0 
       250287.00        4849000.0 
       270287.00        2600000.0 
       20387.000        5707000.0 
       50387.000        3972000.0 
       70387.000        1700000.0 
       80387.000        4500000.0 
       110387.00        1800000.0 
       120387.00        2053000.0 
       200387.00        2000000.0 
       220387.00        1750000.0 
       260387.00        3017000.0 
       280387.00        2500000.0 
       290387.00        1550000.0 
       300387.00        5648000.0 
       10487.000        5542000.0 
       20487.000        1200000.0 
       40487.000        1380000.0 
       50487.000        8100000.0 
       60487.000        2902000.0 
       70487.000        1400000.0 
       90487.000        1900000.0 
       130487.00        1200000.0 
       170487.00        2680000.0 
       180487.00        1200000.0 
       210487.00        1005000.0 
       230487.00        1072000.0 
       240487.00        7815000.0 
       250487.00        3393000.0 
       260487.00        1745000.0 
       270487.00        1640000.0 
       280487.00        2000000.0 
       290487.00        8700000.0 
       300487.00        1312000.0 
       20587.000        1200000.0 
       30587.000        1050000.0 
       40587.000        1700000.0 
       60587.000        3650000.0 
       130587.00        1500000.0 
       140587.00        14300000. 
       160587.00        1200000.0 
       220587.00        2000000.0 
       230587.00        15300000. 
       240587.00        2200000.0 
       250587.00        1050000.0 
       280587.00        13200000. 
       290587.00        6200000.0 
       300587.00        1200000.0 
       10687.000        4500000.0 
       30687.000        13575000. 
       50687.000        35000000. 
       60687.000        3300000.0 
       80687.000        7150000.0 
       100687.00        1499000.0 
       110687.00        1750000.0 
       130687.00        4800000.0 
       140687.00        1136000.0 
       160687.00        1500000.0 
       240687.00        2500000.0 
       250687.00        3622000.0 
       10787.000        2452000.0 
       30787.000        1000000.0 
       60787.000        8550000.0 
       70787.000        1016000.0 
       80787.000        1300000.0 
       120787.00        1470000.0 
       150787.00        2585000.0 
       170787.00        3500000.0 
       190787.00        1153000.0 
       210787.00        1031000.0 
       280787.00        3100000.0 
       300787.00        2300000.0 
       10887.000        2064000.0 
       40887.000        1958000.0 
       60887.000        1462000.0 
       70887.000        4600000.0 
       110887.00        1740000.0 
       160887.00        1005000.0 
       170887.00        31302000. 
       180887.00        20000000. 
       220887.00        2700000.0 
       240887.00        3300000.0 
       250887.00        1255000.0 
       20987.000        1200000.0 
       60987.000        1470000.0 
       80987.000        1046000.0 
       90987.000        1160000.0 
       120987.00        1630000.0 
       150987.00        20192000. 
       160987.00        1500000.0 
       170987.00        1037000.0 
       180987.00        3612000.0 
       190987.00        3006000.0 
       210987.00        1703000.0 
       220987.00        4412000.0 
       230987.00        1050000.0 
       240987.00        5735000.0 
       270987.00        1300000.0 
       280987.00        1100000.0 
       300987.00        2328000.0 
       31087.000        12008000. 
       51087.000        34500000. 
       61087.000        6360000.0 
       81087.000        1085000.0 
       111087.00        2925000.0 
       121087.00        14200000. 
       141087.00        2500000.0 
       161087.00        3600000.0 
       171087.00        1250000.0 
       181087.00        2558000.0 
       191087.00        1182000.0 
       201087.00        1191000.0 
       221087.00        1350000.0 
       241087.00        3935000.0 
       251087.00        1500000.0 
       261087.00        1400000.0 
       271087.00        6800000.0 
       301087.00        13300000. 
       311087.00        1815000.0 
       11187.000        11953000. 
       21187.000        1000000.0 
       31187.000        2500000.0 
       51187.000        4200000.0 
       61187.000        1213000.0 
       71187.000        12500000. 
       81187.000        3317000.0 
       111187.00        2280000.0 
       141187.00        2000000.0 
       151187.00        1894000.0 
       161187.00        1600000.0 
       181187.00        3300000.0 
       211187.00        1700000.0 
       261187.00        1000000.0 
       281187.00        1050000.0 
       291187.00        1870000.0 
       21287.000        4355000.0 
       61287.000        1583000.0 
       71287.000        7700000.0 
       91287.000        9790000.0 
       121287.00        9109000.0 
       131287.00        9887000.0 
       141287.00        4934000.0 
       161287.00        2200000.0 
       171287.00        5670000.0 
       181287.00        1001000.0 
       191287.00        3150000.0 
       201287.00        1130000.0 
       231287.00        1270000.0 
       261287.00        1050000.0 
       291287.00        1450000.0 
       301287.00        2200000.0 
       311287.00        2800000.0 
       10188.000        2982000.0 
       20188.000        1050000.0 
       30188.000        18500000. 
       40188.000        1700000.0 
       60188.000        1000000.0 
       70188.000        1100000.0 
       80188.000        1900000.0 
       100188.00        1500000.0 
       150188.00        2600000.0 
       190188.00        2164000.0 
       200188.00        5250000.0 
       210188.00        1300000.0 
       220188.00        5741000.0 
       230188.00        8167000.0 
       250188.00        1500000.0 
       260188.00        2127000.0 
       290188.00        2000000.0 
       300188.00        1500000.0 
       10288.000        6780000.0 
       60288.000        4736000.0 
       90288.000        1315000.0 
       100288.00        3901000.0 
       110288.00        1458000.0 
       140288.00        20764000. 
       150288.00        775000.00 
       170288.00        1200000.0 
       190288.00        4504000.0 
       210288.00        9000000.0 
       220288.00        5036000.0 
       290288.00        8758000.0 
       20388.000        2089000.0 
       30388.000        1750000.0 
       40388.000        1081000.0 
       70388.000        1428000.0 
       80388.000        2400000.0 
       90388.000        3050000.0 
       120388.00        3250000.0 
       140388.00        4254000.0 
       170388.00        1050000.0 
       180388.00        3242000.0 
       190388.00        1400000.0 
       200388.00        2036000.0 
       210388.00        1365000.0 
       240388.00        2250000.0 
       250388.00        43000000. 
       60488.000        2400000.0 
       90488.000        2800000.0 
       120488.00        1905000.0 
       130488.00        1990000.0 
       140488.00        3634000.0 
       160488.00        1400000.0 
       170488.00        1000000.0 
       180488.00        1000000.0 
       190488.00        1500000.0 
       200488.00        4334000.0 
       220488.00        1000000.0 
       230488.00        2125000.0 
       240488.00        9188000.0 
       250488.00        2100000.0 
       260488.00        16700000. 
       290488.00        7701000.0 
       300488.00        4150000.0 
       30588.000        2050000.0 
       80588.000        12550000. 
       90588.000        16803000. 
       100588.00        1050000.0 
       110588.00        3035000.0 
       120588.00        4629000.0 
       130588.00        2600000.0 
       150588.00        1550000.0 
       160588.00        2794000.0 
       170588.00        31906000. 
       190588.00        1395000.0 
       220588.00        1000000.0 
       230588.00        1344000.0 
       240588.00        1109000.0 
       250588.00        1440000.0 
       260588.00        11000000. 
       270588.00        3806000.0 
       290588.00        11615000. 
       300588.00        1822000.0 
       310588.00        16720000. 
       10688.000        3350000.0 
       30688.000        5004000.0 
       50688.000        35505000. 
       60688.000        11179000. 
       70688.000        1000000.0 
       100688.00        1850000.0 
       130688.00        1400000.0 
       140688.00        2000000.0 
       150688.00        1400000.0 
       160688.00        6063000.0 
       180688.00        1019000.0 
       210688.00        2550000.0 
       240688.00        14200000. 
       260688.00        1050000.0 
       280688.00        1100000.0 
       290688.00        7215000.0 
       10788.000        5918000.0 
       20788.000        3832000.0 
       30788.000        1021000.0 
       40788.000        2900000.0 
       50788.000        2264000.0 
       60788.000        6750000.0 
       80788.000        2828000.0 
       90788.000        2621000.0 
       120788.00        1178000.0 
       140788.00        2595000.0 
       160788.00        1300000.0 
       180788.00        2630000.0 
       190788.00        30750000. 
       200788.00        6000000.0 
       220788.00        1060000.0 
       260788.00        1371000.0 
       300788.00        8000000.0 
       40888.000        1050000.0 
       80888.000        1500000.0 
       90888.000        3000000.0 
       100888.00        5588000.0 
       120888.00        52991000. 
       150888.00        1240000.0 
       180888.00        2603000.0 
       210888.00        2842000.0 
       220888.00        1288000.0 
       240888.00        5264000.0 
       250888.00        1000000.0 
       290888.00        1526000.0 
       10988.000        27700000. 
       40988.000        2549000.0 
       50988.000        6520000.0 
       60988.000        21217000. 
       80988.000        5523000.0 
       90988.000        1185000.0 
       110988.00        2200000.0 
       120988.00        1020000.0 
       140988.00        1530000.0 
       170988.00        2925000.0 
       180988.00        8500000.0 
       190988.00        8700000.0 
       200988.00        2492000.0 
       220988.00        1665000.0 
       240988.00        1079000.0 
       270988.00        3000000.0 
       290988.00        1071000.0 
       11088.000        3700000.0 
       21088.000        1030000.0 
       41088.000        30450000. 
       51088.000        1031000.0 
       71088.000        1120000.0 
       81088.000        7179000.0 
       91088.000        1050000.0 
       101088.00        1071000.0 
       151088.00        1065000.0 
       171088.00        1240000.0 
       201088.00        7849000.0 
       231088.00        1800000.0 
       241088.00        1005000.0 
       271088.00        795000.00 
       281088.00        3109000.0 
       291088.00        1940000.0 
       11188.000        1025000.0 
       21188.000        2630000.0 
       31188.000        5065000.0 
       51188.000        13016000. 
       61188.000        1000000.0 
       71188.000        2793000.0 
       101188.00        1700000.0 
       111188.00        1400000.0 
       141188.00        1250000.0 
       171188.00        1025000.0 
       181188.00        7000000.0 
       191188.00        4306000.0 
       201188.00        1190000.0 
       211188.00        2118000.0 
       231188.00        1580000.0 
       241188.00        1850000.0 
       251188.00        1100000.0 
       261188.00        1600000.0 
       271188.00        3060000.0 
       21288.000        6575000.0 
       31288.000        1050000.0 
       51288.000        1227000.0 
       61288.000        5446000.0 
       81288.000        2450000.0 
       91288.000        3200000.0 
       121288.00        5800000.0 
       141288.00        5200000.0 
       151288.00        12200000. 
       161288.00        6500000.0 
       171288.00        37255000. 
       181288.00        5000000.0 
       241288.00        1110000.0 
       251288.00        1900000.0 
       261288.00        4500000.0 
       271288.00        1120000.0 
       311288.00        1011000.0 
       20189.000        2174000.0 
       30189.000        1515000.0 
       50189.000        6350000.0 
       80189.000        1044000.0 
       90189.000        1608000.0 
       110189.00        2435000.0 
       140189.00        3500000.0 
       150189.00        3751000.0 
       170189.00        7300000.0 
       190189.00        4488000.0 
       200189.00        29000000. 
       210189.00        1450000.0 
       240189.00        5300000.0 
       260189.00        7660000.0 
       270189.00        1000000.0 
       290189.00        1434000.0 
       300189.00        1028000.0 
       310189.00        1200000.0 
       20289.000        4969000.0 
       30289.000        1100000.0 
       50289.000        1845000.0 
       60289.000        3546000.0 
       130289.00        1198000.0 
       140289.00        53647000. 
       150289.00        9050000.0 
       180289.00        2421000.0 
       220289.00        1800000.0 
       230289.00        1644000.0 
       270289.00        1450000.0 
       280289.00        1000000.0 
       30389.000        1100000.0 
       40389.000        17000000. 
       60389.000        1335000.0 
       70389.000        5425000.0 
       80389.000        1400000.0 
       140389.00        4190000.0 
       160389.00        2516000.0 
       170389.00        2570000.0 
       190389.00        1572000.0 
       230389.00        29377000. 
       240389.00        1950000.0 
       270389.00        12150000. 
       290389.00        1025000.0 
       10489.000        2425000.0 
       30489.000        7000000.0 
       40489.000        1415000.0 
       50489.000        2096000.0 
       60489.000        2215000.0 
       90489.000        6690000.0 
       120489.00        2472000.0 
       140489.00        4900000.0 
       150489.00        1100000.0 
       160489.00        1516000.0 
       170489.00        1250000.0 
       190489.00        2600000.0 
       200489.00        1523000.0 
       210489.00        1600000.0 
       230489.00        5216000.0 
       240489.00        2500000.0 
       260489.00        17000000. 
       280489.00        7091000.0 
       300489.00        4000000.0 
       20589.000        4800000.0 
       30589.000        1537000.0 
       40589.000        1500000.0 
       60589.000        3579000.0 
       70589.000        1405000.0 
       90589.000        1170000.0 
       110589.00        13172000. 
       130589.00        4380000.0 
       140589.00        1050000.0 
       150589.00        4500000.0 
       180589.00        1500000.0 
       190589.00        2000000.0 
       210589.00        1750000.0 
       220589.00        2860000.0 
       230589.00        3500000.0 
       240589.00        6844000.0 
       250589.00        5663000.0 
       260589.00        1200000.0 
       290589.00        6130000.0 
       10689.000        1485000.0 
       20689.000        3500000.0 
       40689.000        4750000.0 
       50689.000        1325000.0 
       70689.000        1168000.0 
       80689.000        2220000.0 
       100689.00        1070000.0 
       110689.00        6170000.0 
       120689.00        3156000.0 
       130689.00        9380000.0 
       160689.00        1390000.0 
       170689.00        7929000.0 
       210689.00        3400000.0 
       230689.00        2600000.0 
       260689.00        1085000.0 
       270689.00        10314000. 
       280689.00        23100000. 
       290689.00        6000000.0 
       300689.00        1000000.0 
       10789.000        2230000.0 
       30789.000        2400000.0 
       50789.000        5941000.0 
       60789.000        3303000.0 
       80789.000        5700000.0 
       100789.00        4372000.0 
       110789.00        1066000.0 
       130789.00        1480000.0 
       140789.00        2050000.0 
       160789.00        1040000.0 
       180789.00        7416000.0 
       200789.00        2633000.0 
       220789.00        3000000.0 
       230789.00        2938000.0 
       240789.00        4360000.0 
       250789.00        1302000.0 
       260789.00        1200000.0 
       270789.00        1100000.0 
       280789.00        21569000. 
       300789.00        1800000.0 
       310789.00        2330000.0 
       20889.000        1500000.0 
       30889.000        2108000.0 
       40889.000   2.0070000e+008 
       50889.000        5397000.0 
       70889.000        7425000.0 
       80889.000        3280000.0 
       90889.000        1220000.0 
       100889.00        1200000.0 
       110889.00        16550000. 
       140889.00        1000000.0 
       180889.00        1500000.0 
       220889.00        2505000.0 
       230889.00        13615000. 
       240889.00        4500000.0 
       250889.00        2440000.0 
       260889.00        3917000.0 
       270889.00        5757000.0 
       280889.00        9190000.0 
       290889.00        1230000.0 
       300889.00        3190000.0 
       310889.00        1522000.0 
       40989.000        5957000.0 
       70989.000        1100000.0 
       90989.000        1415000.0 
       100989.00        2778000.0 
       110989.00        15120000. 
       130989.00        1000000.0 
       140989.00        9870000.0 
       150989.00        2145000.0 
       160989.00        2380000.0 
       180989.00        2220000.0 
       210989.00        1510000.0 
       220989.00        1600000.0 
       240989.00        4700000.0 
       250989.00        23049000. 
       260989.00        6500000.0 
       270989.00        3450000.0 
       280989.00        2100000.0 
       290989.00        15600000. 
       11089.000        3670000.0 
       21089.000        5047000.0 
       71089.000        1389000.0 
       91089.000        1000000.0 
       201089.00        7100000.0 
       221089.00        38250000. 
       231089.00        12500000. 
       241089.00        5940000.0 
       261089.00        2258000.0 
       101189.00        5750000.0 
       111189.00        1805000.0 
       121189.00        2300000.0 
       131189.00        4375000.0 
       141189.00        22000000. 
       151189.00        2045000.0 
       161189.00        5800000.0 
       191189.00        2170000.0 
       201189.00        1200000.0 
       241189.00        1160000.0 
       291189.00        7053000.0 
       301189.00        1800000.0 
       31289.000        4900000.0 
       51289.000        2227000.0 
       61289.000        2999000.0 
       81289.000        1300000.0 
       91289.000        5065000.0 
       131289.00        1930000.0 
       141289.00        1197000.0 
       151289.00        2039000.0 
       181289.00        7401000.0 
       191289.00        3173000.0 
       201289.00        2185000.0 
       221289.00        1199000.0 
       231289.00        1025000.0 
       251289.00        2200000.0 
       291289.00        1280000.0 
       301289.00        7400000.0 
       311289.00        4890000.0 
       10190.000        4594000.0 
       30190.000        1035000.0 
       60190.000        2647000.0 
       80190.000        1644000.0 
       100190.00        9000000.0 
       120190.00        1375000.0 
       130190.00        1611000.0 
       140190.00        1200000.0 
       170190.00        1560000.0 
       190190.00        2922000.0 
       200190.00        4100000.0 
       240190.00        1326000.0 
       250190.00        3172000.0 
       260190.00        4821000.0 
       300190.00        4239000.0 
       310190.00        5155000.0 
       50290.000        1475000.0 
       70290.000        2365000.0 
       80290.000        5000000.0 
       90290.000        2944000.0 
       100290.00        1026000.0 
       110290.00        2070000.0 
       120290.00        5500000.0 
       170290.00        2099000.0 
       180290.00        2670000.0 
       190290.00        3613000.0 
       200290.00        4940000.0 
       220290.00        4500000.0 
       230290.00        1056000.0 
       260290.00        2515000.0 
       270290.00        3013000.0 
       280290.00        1045000.0 
       10390.000        1066000.0 
       50390.000        1170000.0 
       60390.000        1200000.0 
       70390.000        2048000.0 
       100390.00        2870000.0 
       110390.00        4200000.0 
       120390.00        1500000.0 
       150390.00        1290000.0 
       170390.00        1725000.0 
       190390.00        1800000.0 
       200390.00        3000000.0 
       220390.00        4305000.0 
       230390.00        13330000. 
       250390.00        1315000.0 
       260390.00        2241000.0 
       270390.00        1400000.0 
       280390.00        1525000.0 
       290390.00        2300000.0 
       20490.000        4993000.0 
       30490.000        3906000.0 
       40490.000        10000000. 
       70490.000        3552000.0 
       80490.000        6291000.0 
       90490.000        4236000.0 
       110490.00        6060000.0 
       130490.00        1315000.0 
       140490.00        1080000.0 
       150490.00        1072000.0 
       170490.00        1145000.0 
       180490.00        11809000. 
       200490.00        2385000.0 
       250490.00        17117000. 
       260490.00        2190000.0 
       270490.00        1134000.0 
       300490.00        4350000.0 
       10590.000        2343000.0 
       20590.000        4200000.0 
       30590.000        11800000. 
       40590.000        4324000.0 
       50590.000        1000000.0 
       70590.000        3546000.0 
       90590.000        5600000.0 
       100590.00        2272000.0 
       150590.00        1010000.0 
       170590.00        1800000.0 
       180590.00        7743000.0 
       190590.00        1020000.0 
       210590.00        1080000.0 
       220590.00        1465000.0 
       230590.00        1015000.0 
       250590.00        6498000.0 
       260590.00        6802000.0 
       270590.00        1750000.0 
       300590.00        4725000.0 
       20690.000        1065000.0 
       30690.000        3000000.0 
       40690.000        3250000.0 
       60690.000        4288000.0 
       70690.000        2798000.0 
       90690.000        2180000.0 
       110690.00        2500000.0 
       140690.00        1233000.0 
       150690.00        23305000. 
       160690.00        1300000.0 
       180690.00        5500000.0 
       190690.00        1000000.0 
       270690.00        1500000.0 
       300690.00        2040000.0 
       10790.000        15540000. 
       50790.000        11614000. 
       60790.000        1055000.0 
       70790.000        1030000.0 
       90790.000        1710000.0 
       100790.00        4618000.0 
       130790.00        2500000.0 
       150790.00        7093000.0 
       160790.00        1352000.0 
       170790.00        2500000.0 
       180790.00        1300000.0 
       190790.00        5200000.0 
       200790.00        5878000.0 
       210790.00        13650000. 
       220790.00        2005000.0 
       230790.00        4159000.0 
       240790.00        6022000.0 
       270790.00        1550000.0 
       280790.00        8331000.0 
       290790.00        8715000.0 
       310790.00        16000000. 
       20890.000        5229000.0 
       40890.000        2918000.0 
       60890.000        1654000.0 
       80890.000        1050000.0 
       100890.00        3269000.0 
       110890.00        2600000.0 
       130890.00        4076000.0 
       140890.00        39090000. 
       150890.00        3616000.0 
       170890.00        1384000.0 
       180890.00        1995000.0 
       190890.00        2146000.0 
       200890.00        6050000.0 
       210890.00        2400000.0 
       220890.00        12820000. 
       250890.00        1080000.0 
       260890.00        1350000.0 
       280890.00        1200000.0 
       290890.00        4645000.0 
       300890.00        6833000.0 
       310890.00        1756000.0 
       70990.000        1030000.0 
       80990.000        18000000. 
       90990.000        2081000.0 
       110990.00        1935000.0 
       140990.00        1080000.0 
       150990.00        4700000.0 
       170990.00        1043000.0 
       190990.00        2450000.0 
       200990.00        3000000.0 
       250990.00        1170000.0 
       260990.00        1170000.0 
       270990.00        3025000.0 
       280990.00        1056000.0 
       300990.00        2750000.0 
       11090.000        6940000.0 
       21090.000        3800000.0 
       31090.000        4730000.0 
       41090.000        4000000.0 
       71090.000        1280000.0 
       81090.000   1.7532500e+008 
       91090.000        2182000.0 
       101090.00        35825000. 
       121090.00        30050000. 
       151090.00        1870000.0 
       161090.00        5600000.0 
       191090.00        5800000.0 
       231090.00        1229000.0 
       271090.00        1000000.0 
       281090.00        1161000.0 
       291090.00        1350000.0 
       301090.00        3234000.0 
       31190.000        1210000.0 
       71190.000        2836000.0 
       101190.00        2350000.0 
       111190.00        2700000.0 
       131190.00        5408000.0 
       151190.00        3095000.0 
       171190.00        1000000.0 
       211190.00        1200000.0 
       231190.00        7000000.0 
       271190.00        1375000.0 
       291190.00        5430000.0 
       301190.00        4975000.0 
       41290.000        1540000.0 
       51290.000        2956000.0 
       61290.000        1256000.0 
       71290.000        2000000.0 
       81290.000        2034000.0 
       91290.000        5141000.0 
       101290.00        21500000. 
       111290.00        1050000.0 
       141290.00        5300000.0 
       151290.00        1650000.0 
       161290.00        2560000.0 
       171290.00        3600000.0 
       191290.00        1240000.0 
       201290.00        2470000.0 
       211290.00        7632000.0 
       221290.00        3875000.0 
       231290.00        3402000.0 
       241290.00        1500000.0 
       271290.00        1351000.0 
       291290.00        1180000.0 
       301290.00        8900000.0 
       311290.00        5000000.0 
